125 39 1
71 34 2
71 39 2
89 36 2
138 45 1
88 23 4
88 22 2
88 26 2
88 24 5
112 98 1
116 12 1
82 45 3
126 55 1
82 42 1
82 41 4
82 40 3
63 24 8
63 25 1
63 26 3
63 21 1
63 23 2
106 40 1
63 28 1
32 2 1
122 18 2
60 7 1
60 2 1
79 78 2
85 19 1
122 10 1
19 1 20
92 91 1
22 2 1
22 7 2
22 8 6
60 45 1
111 58 1
111 59 2
107 87 1
107 88 1
111 55 2
111 56 2
111 57 1
136 24 1
127 10 1
127 12 1
12 11 2
12 10 31
100 18 1
47 35 3
47 34 15
104 65 1
47 39 6
47 38 1
72 2 5
72 1 5
72 7 5
26 23 1
26 22 2
139 10 2
26 25 2
26 24 6
59 39 1
135 34 1
59 33 2
59 35 3
57 53 1
22 18 1
22 19 1
57 56 2
57 54 1
57 55 1
22 12 2
22 13 1
22 10 9
25 2 1
22 14 2
22 15 2
16 9 7
16 8 1
16 1 30
16 2 33
16 5 6
16 4 2
16 7 32
16 6 1
36 28 1
36 29 1
118 26 2
118 24 2
118 25 1
36 22 2
36 23 1
8 1 9
118 29 1
36 26 2
36 27 1
36 24 3
36 25 3
137 128 1
110 10 3
123 39 1
110 19 1
85 55 1
128 55 2
75 7 3
75 1 3
75 2 3
85 52 1
129 53 1
128 58 1
129 55 2
42 21 2
42 20 5
42 23 3
42 24 1
42 26 2
42 28 1
34 32 1
34 30 1
109 68 1
109 69 1
70 64 2
70 65 3
35 33 7
64 21 1
64 20 2
64 23 8
64 25 1
64 24 3
111 8 1
144 29 1
111 2 2
111 1 1
111 7 3
126 8 1
53 39 4
76 25 1
52 33 1
53 32 1
53 33 5
53 34 1
53 35 6
53 37 2
76 21 1
78 68 1
78 69 1
78 66 1
37 18 1
37 19 1
138 55 1
37 10 3
37 11 1
37 13 2
88 39 1
88 35 2
88 37 1
117 89 1
88 33 2
106 2 1
106 1 2
63 9 1
63 8 7
63 5 2
106 8 2
82 53 2
63 1 6
63 2 16
63 53 6
112 45 2
63 55 5
63 54 5
112 41 2
63 59 2
63 58 1
95 18 2
94 16 1
95 10 1
95 11 2
95 14 1
94 19 1
48 47 5
48 46 2
48 42 1
55 24 11
55 26 4
55 21 1
55 20 1
55 23 2
55 22 4
111 45 3
111 41 3
141 133 1
107 98 1
120 48 1
127 23 1
132 117 1
132 113 1
77 34 6
59 14 3
25 8 1
25 7 1
108 32 1
108 33 1
43 40 1
43 41 1
43 42 1
8 5 2
47 26 1
47 24 1
104 19 2
47 23 10
47 20 7
104 10 3
104 11 1
18 7 56
18 6 1
18 5 12
18 4 3
18 3 3
18 2 57
18 1 45
113 102 1
24 9 1
18 9 6
18 8 6
77 24 1
51 49 1
77 20 1
77 23 4
51 47 1
51 46 1
51 44 1
135 20 1
73 42 1
73 2 6
73 1 5
36 13 1
73 7 5
73 4 1
36 10 3
56 41 2
56 45 3
16 11 4
118 30 2
118 33 2
118 32 1
118 35 2
118 37 1
118 36 1
139 5 1
139 55 1
46 14 1
107 39 1
46 16 7
123 49 1
46 10 3
46 11 2
46 12 1
105 16 2
105 19 1
46 18 4
46 19 3
119 34 1
123 45 2
85 46 1
68 58 1
84 69 1
85 45 2
128 45 1
98 87 2
41 13 1
113 98 1
42 37 1
42 34 4
42 35 3
17 8 1
42 38 1
42 39 2
128 7 1
109 79 1
109 78 1
128 8 2
142 122 1
22 21 1
70 19 2
44 8 1
91 73 1
64 39 5
91 76 1
80 24 1
66 2 6
64 34 7
64 35 2
138 130 1
74 34 1
29 22 1
142 18 1
142 10 1
78 19 2
78 18 1
78 11 1
78 10 3
78 12 1
78 15 1
110 2 1
65 3 5
65 2 20
65 1 9
110 8 1
65 7 18
65 6 3
65 5 2
127 126 1
127 8 1
88 41 2
88 42 1
88 45 3
112 55 1
112 57 1
112 56 2
63 45 1
63 49 2
112 59 2
112 58 1
109 18 1
79 12 2
79 10 5
79 14 1
79 15 2
79 18 2
62 5 3
62 7 17
62 1 4
62 2 19
62 8 4
107 8 1
107 2 1
79 58 1
58 57 1
58 56 2
58 55 2
38 9 1
38 7 2
38 1 2
38 2 2
79 55 1
55 39 7
55 35 8
55 32 1
55 33 7
39 16 1
111 33 1
82 81 1
35 30 2
39 12 3
39 10 6
39 11 2
123 55 1
39 18 7
39 19 4
141 122 1
71 19 2
107 66 1
107 63 1
127 33 1
127 39 1
113 14 1
108 23 1
108 22 2
108 21 1
107 85 1
43 35 1
98 63 8
47 11 1
47 10 1
98 66 2
47 16 7
47 19 4
47 18 9
51 50 1
59 10 5
24 7 22
59 12 4
24 5 3
24 2 25
123 122 1
24 1 13
59 18 2
59 19 2
133 88 1
24 8 17
77 39 3
4 3 3
4 2 5
4 1 5
89 19 1
139 45 1
89 10 3
89 12 2
6 1 4
65 64 6
65 62 2
65 63 1
68 25 1
68 24 4
68 23 1
68 22 1
109 88 1
109 86 1
109 80 1
109 81 1
108 107 1
99 88 1
141 1 1
10 9 3
10 8 33
10 7 29
10 5 5
82 66 2
10 2 33
10 1 22
127 14 1
129 8 1
129 7 3
129 2 2
129 1 1
90 7 1
102 44 1
141 7 1
133 122 1
35 11 5
133 33 1
90 1 1
80 15 1
125 95 1
102 87 2
88 58 1
88 52 1
88 53 4
88 54 4
94 2 1
94 1 1
94 7 1
94 5 1
94 4 1
64 2 14
112 62 1
112 63 1
64 6 2
64 7 11
112 66 2
64 5 4
106 95 1
64 8 4
34 19 8
87 64 2
91 47 1
19 10 14
79 24 4
120 2 1
79 22 2
127 87 1
40 39 1
139 128 1
128 127 1
128 126 1
58 45 5
139 29 1
58 41 3
86 41 1
27 13 1
41 32 1
121 46 1
137 58 1
126 66 1
126 63 1
137 55 1
54 35 2
54 37 1
128 23 2
54 33 4
54 32 1
54 39 2
25 5 1
104 1 1
104 2 2
104 7 2
104 8 1
39 23 14
39 21 3
39 20 3
111 24 2
39 24 8
39 5 3
39 6 4
39 7 24
107 78 1
39 2 26
39 3 5
39 8 2
106 78 1
106 79 2
104 63 1
104 62 1
108 55 1
61 34 1
108 58 1
100 28 1
100 23 1
117 30 1
117 31 1
96 55 1
98 59 2
98 58 1
98 56 1
98 55 3
98 54 2
98 53 3
51 21 1
89 8 1
86 85 2
136 10 1
86 80 1
139 23 1
73 28 2
111 102 1
73 23 1
77 75 1
131 63 1
143 7 1
131 66 1
81 15 1
118 19 1
118 18 2
81 10 1
55 8 11
81 12 1
55 7 15
118 11 2
118 10 4
55 2 10
81 18 1
55 1 7
104 35 3
27 8 1
104 33 1
65 55 1
105 34 2
96 7 1
143 61 1
30 8 1
42 18 18
42 19 4
42 10 3
42 11 1
42 12 1
68 32 1
42 15 2
42 16 2
68 31 1
62 14 4
70 39 2
97 16 1
70 35 1
70 34 4
47 46 7
99 98 1
59 32 1
133 109 1
134 47 1
133 22 1
11 6 1
11 7 10
11 4 1
11 5 1
11 2 9
121 23 1
11 1 8
127 106 1
127 107 1
11 8 4
11 9 2
64 10 5
64 12 7
128 106 1
64 14 4
64 16 1
64 18 2
106 54 1
106 55 2
115 72 1
125 41 1
115 76 1
106 88 1
106 82 1
63 62 7
144 139 1
106 87 2
106 86 1
78 35 2
78 32 1
79 32 1
79 35 2
58 33 2
95 9 1
58 35 3
24 20 1
24 23 4
24 22 4
95 2 1
95 1 1
95 7 1
137 45 1
50 49 1
56 55 1
121 7 3
126 10 1
121 3 1
121 2 3
121 1 3
54 26 4
54 24 13
54 22 2
140 58 1
140 55 1
122 39 1
39 38 1
111 19 1
39 34 15
39 35 1
122 33 1
111 10 3
61 19 1
111 12 3
39 33 3
106 66 2
116 10 1
106 63 2
8 2 14
52 49 1
106 68 1
8 7 17
139 22 1
66 45 2
43 15 1
66 41 3
66 40 2
43 10 1
61 26 1
61 24 1
11 10 8
43 18 1
105 9 1
23 10 5
23 13 2
23 12 5
23 14 3
23 16 7
23 19 5
23 18 4
105 2 2
105 7 2
55 14 4
55 15 1
55 10 20
55 11 4
55 12 6
55 13 3
55 18 8
55 19 5
100 1 1
87 2 5
87 1 2
87 7 3
87 5 1
98 41 2
98 42 2
87 8 3
98 45 1
51 34 3
51 35 2
132 22 1
123 35 1
77 18 1
77 12 1
64 1 6
106 98 2
85 54 2
73 34 1
73 35 1
139 66 1
110 107 1
133 58 1
141 18 1
65 46 6
65 47 10
85 53 1
65 42 4
89 33 1
89 32 2
89 31 2
89 30 2
89 37 1
65 49 7
89 35 1
104 22 1
104 26 2
46 45 1
46 42 2
46 41 1
128 98 1
85 10 2
85 12 1
79 68 2
69 26 1
69 24 2
69 22 1
69 23 1
139 118 1
56 7 3
56 2 3
56 8 1
26 5 1
26 7 7
26 1 6
26 2 5
70 20 2
70 23 2
26 8 9
90 42 1
74 44 1
84 12 1
131 130 1
84 10 1
133 18 2
80 35 2
79 26 1
133 10 1
121 34 1
88 73 1
88 76 1
88 79 2
121 39 1
125 57 1
125 55 1
46 8 2
46 6 1
46 7 16
46 2 17
46 3 3
46 1 10
6 5 2
6 4 2
78 22 1
12 9 3
12 8 15
6 3 2
6 2 7
12 5 5
78 29 1
12 7 16
12 1 13
12 2 20
122 5 1
122 7 2
122 1 2
122 2 2
58 22 1
58 23 1
58 21 1
58 26 2
58 24 3
137 32 1
137 33 1
137 35 1
143 89 1
54 13 5
54 12 8
54 11 3
54 10 20
139 21 1
54 14 2
54 19 7
54 18 3
96 1 1
122 24 1
30 10 4
30 13 1
30 12 3
140 45 1
31 12 2
31 13 1
31 10 3
107 55 1
107 54 1
107 52 1
27 10 1
128 107 1
106 53 5
116 24 1
116 25 1
116 26 1
128 108 1
131 8 1
66 56 2
66 57 2
66 54 3
66 55 3
108 78 1
66 53 5
61 10 2
66 58 1
66 59 2
100 42 3
118 111 1
118 117 1
118 116 1
72 61 1
9 2 14
9 1 16
9 7 13
9 5 1
9 8 2
102 7 4
102 2 7
102 1 3
77 63 1
77 62 2
77 65 4
77 64 4
102 8 4
105 61 1
89 24 2
89 25 2
89 26 2
89 22 2
89 23 1
86 2 1
86 1 2
86 7 4
15 10 13
15 11 1
15 12 7
15 13 3
65 35 3
65 34 14
65 39 12
86 8 6
50 1 1
68 15 3
68 10 4
113 58 1
113 59 2
113 56 3
126 107 1
113 55 1
68 18 2
69 12 2
69 10 5
60 56 1
60 57 1
60 58 1
60 59 1
69 18 2
101 76 1
93 19 1
93 16 1
62 12 7
19 14 4
66 29 1
15 14 2
128 87 1
57 8 7
57 5 1
57 6 1
57 7 3
57 1 2
57 2 6
38 18 2
38 16 2
38 11 1
88 85 2
88 86 1
88 82 1
125 20 1
111 23 1
125 24 1
112 19 1
112 18 1
102 35 2
124 2 1
112 10 2
112 12 2
124 7 1
102 10 5
135 1 1
135 2 1
135 3 1
135 4 1
135 7 1
102 14 4
27 24 1
27 25 1
48 18 1
102 16 1
27 22 1
27 23 1
44 19 3
48 16 2
44 16 1
76 39 1
58 19 3
58 18 3
76 35 2
76 34 3
58 12 1
58 11 2
58 10 3
45 5 1
45 7 17
137 22 1
45 1 10
68 12 1
45 2 14
44 12 1
45 9 1
45 8 3
13 7 4
13 1 2
13 2 2
113 57 1
13 8 13
13 9 2
39 1 15
123 7 2
119 1 1
123 1 1
123 2 2
119 9 1
31 29 1
31 28 1
122 55 1
31 23 1
31 22 2
31 27 1
31 26 2
31 25 3
31 24 3
107 22 1
107 23 1
29 12 1
32 5 1
116 36 1
116 35 1
116 33 1
116 32 1
116 31 1
116 30 1
69 15 4
66 63 4
66 62 2
66 64 2
129 86 1
92 16 1
97 2 1
92 19 1
92 18 2
97 7 1
68 30 1
51 18 1
51 11 1
51 16 3
33 8 7
142 2 1
33 7 6
77 70 1
33 5 2
33 2 6
142 7 1
33 1 3
86 79 1
87 79 2
87 78 1
144 10 1
51 9 2
51 2 4
51 1 5
51 7 3
141 33 1
89 55 1
89 56 1
139 87 1
106 7 3
65 23 12
65 20 3
65 21 1
65 26 1
81 26 1
81 22 1
103 8 1
103 7 1
119 61 1
63 7 14
106 9 1
34 21 7
113 45 2
113 41 2
85 1 1
85 2 2
85 7 1
113 22 1
85 8 1
139 130 1
86 37 1
98 88 3
93 20 1
123 18 1
78 2 1
73 16 4
133 113 1
73 18 2
73 19 2
58 8 1
58 2 4
63 56 1
58 7 5
76 12 1
130 128 1
85 33 2
84 35 1
95 19 2
133 79 1
80 53 1
80 54 1
111 98 1
136 106 1
134 49 1
49 48 3
49 46 8
49 47 8
49 45 1
49 42 2
112 24 2
112 23 1
2 1 89
102 24 1
102 20 2
102 23 2
36 12 2
99 24 1
43 2 1
43 7 1
49 29 1
71 47 2
24 18 11
24 19 8
24 14 6
24 15 4
125 8 1
24 10 28
24 11 5
24 12 5
24 13 6
134 3 1
134 2 1
134 7 1
134 6 1
137 10 1
76 23 2
130 15 1
130 10 1
130 13 1
126 23 1
42 40 2
31 30 3
122 45 1
143 46 1
122 49 1
87 82 2
87 85 1
87 86 2
107 33 2
57 45 2
106 39 1
48 23 2
44 9 2
41 40 2
48 20 1
106 32 1
106 33 2
44 7 2
44 1 3
44 2 5
106 35 2
87 63 2
140 130 1
100 63 1
118 8 1
118 2 1
118 1 2
118 7 4
118 5 1
72 46 1
72 47 2
23 20 5
23 21 5
23 22 3
104 86 1
72 48 1
72 49 1
55 49 1
55 47 1
55 46 2
55 45 7
55 42 1
55 41 4
96 18 1
96 10 1
5 4 3
5 2 26
5 3 1
5 1 12
77 47 2
77 42 2
143 55 1
77 49 1
77 48 2
35 12 11
35 13 4
35 10 21
82 26 1
35 16 5
90 2 1
35 14 5
35 15 3
35 18 7
35 19 7
87 66 6
34 18 8
19 16 11
19 17 1
87 62 2
19 11 6
19 12 5
19 13 1
34 10 2
34 13 1
34 12 4
19 18 13
86 46 1
86 45 2
34 16 8
89 46 1
30 5 1
143 1 1
110 88 1
65 19 4
65 18 4
65 16 2
143 8 1
65 12 1
65 11 1
65 10 1
47 42 4
140 108 1
47 44 1
62 13 1
62 10 6
29 13 1
62 18 2
62 19 1
52 1 1
52 2 1
93 34 1
93 35 2
112 64 1
105 95 1
105 46 2
100 7 1
45 44 1
100 2 3
88 18 2
110 54 3
110 52 1
133 7 1
133 5 1
133 2 1
85 24 1
85 26 1
133 1 1
59 2 5
59 7 4
133 68 1
59 8 2
129 26 2
129 24 1
80 63 1
80 61 1
52 19 1
117 12 1
126 106 1
117 10 1
121 65 1
103 13 1
42 2 24
42 3 2
42 1 15
42 7 17
42 4 2
42 5 6
45 15 4
45 14 1
102 12 5
102 13 1
45 11 3
45 10 13
44 18 4
45 12 8
102 18 4
44 14 1
45 19 4
45 18 6
44 10 1
99 33 1
118 12 4
53 45 3
53 44 1
53 46 1
53 41 3
53 40 2
55 5 1
117 116 1
117 113 1
76 19 3
76 18 6
78 7 3
78 8 1
76 11 3
76 16 8
130 21 1
130 22 1
130 23 1
130 24 1
130 26 1
140 10 1
30 28 1
30 29 2
30 24 3
30 25 3
30 26 2
30 27 1
30 22 2
30 23 1
66 26 1
138 35 1
48 34 3
48 38 1
48 39 2
106 23 1
106 22 1
95 61 1
106 24 5
116 56 1
18 12 7
18 11 5
18 10 18
18 17 1
18 16 14
18 15 4
18 14 3
100 98 1
20 10 1
20 11 1
124 1 1
20 14 1
20 16 4
92 34 2
20 18 10
20 19 5
92 39 1
112 14 1
55 53 10
55 54 4
86 54 3
69 35 1
133 132 1
35 29 1
35 28 2
35 27 1
35 26 6
35 25 2
35 24 10
35 23 4
35 22 5
35 21 3
35 20 1
87 53 7
87 57 1
87 55 4
144 30 1
127 98 1
87 59 1
36 8 1
65 48 3
57 19 2
68 36 1
120 39 1
120 34 1
88 16 1
81 42 1
56 19 1
81 40 1
81 41 2
62 23 4
62 21 1
62 26 1
62 25 1
91 9 1
91 7 3
91 5 1
91 2 2
91 1 2
61 9 1
101 7 1
101 1 1
101 2 1
69 68 4
93 47 1
93 46 1
93 49 1
140 8 1
31 8 1
61 1 3
140 7 1
27 26 1
142 141 1
53 8 13
53 9 2
53 1 6
53 2 16
53 5 1
53 7 14
130 108 1
113 66 2
118 86 1
113 64 1
113 63 1
113 62 1
98 8 1
98 7 5
98 5 1
118 88 1
98 2 6
98 1 3
142 82 1
38 20 1
86 55 4
133 56 1
108 7 1
128 35 1
128 32 1
128 33 2
129 35 2
129 37 1
129 33 1
128 39 1
83 7 1
83 2 1
83 1 1
86 53 4
121 76 2
90 88 1
90 89 1
67 54 1
108 35 1
44 23 1
44 21 1
44 20 2
94 93 1
134 34 1
52 51 1
52 50 1
76 32 1
143 10 1
41 1 7
137 21 1
41 2 17
41 5 2
41 7 9
41 9 2
41 8 6
41 22 2
129 19 3
71 65 2
71 64 2
129 18 1
95 34 1
128 12 1
41 28 1
125 11 1
125 10 1
125 14 1
125 19 1
125 18 1
130 33 1
130 32 1
104 18 1
82 35 1
14 13 3
14 12 9
14 11 3
14 10 13
79 8 1
106 15 1
107 19 2
106 10 5
106 12 2
79 1 1
79 2 1
107 10 2
106 18 1
107 14 1
79 7 1
94 76 1
94 73 1
95 79 1
126 39 1
61 55 1
61 54 2
61 53 2
28 23 1
28 22 1
28 25 1
28 24 2
28 27 1
28 26 1
66 12 9
66 13 4
66 10 13
66 11 2
66 14 3
66 15 1
112 7 2
19 8 8
19 9 5
19 6 2
19 7 28
19 4 1
19 5 6
19 2 28
92 23 2
54 53 12
54 52 1
126 33 1
37 8 3
37 2 2
37 1 1
37 7 2
143 19 1
119 105 1
86 22 3
34 33 1
86 24 3
34 31 1
86 26 2
70 1 2
35 31 2
35 32 5
70 2 4
35 34 7
70 7 4
70 6 3
122 82 1
87 45 1
87 46 1
87 40 2
87 41 3
135 47 1
135 42 1
89 68 1
17 7 1
89 61 1
120 23 1
140 128 1
62 39 2
62 34 3
62 35 3
62 32 1
69 57 1
69 54 1
69 53 2
138 137 1
68 53 3
68 57 1
92 5 2
92 7 3
92 1 2
92 3 1
92 2 3
25 24 3
62 24 2
25 22 2
25 23 1
25 21 1
113 8 1
113 2 2
113 7 2
113 12 2
113 10 2
141 2 1
141 5 1
118 95 1
113 18 1
113 19 1
89 88 1
33 29 1
33 28 1
134 23 1
33 25 2
33 24 10
33 27 1
33 26 3
33 21 1
33 23 3
33 22 4
54 7 12
54 5 2
128 21 1
54 2 12
54 1 8
128 22 1
121 49 2
54 9 1
54 8 16
49 11 1
49 10 1
49 12 1
49 16 4
49 19 1
49 18 4
117 32 1
117 33 1
117 35 1
117 36 1
45 21 2
29 7 1
29 5 1
7 4 5
7 5 22
7 6 7
29 8 1
109 19 1
7 1 88
7 2 129
7 3 9
44 34 3
44 35 1
109 7 1
44 37 1
109 8 1
45 33 4
45 32 1
45 37 1
45 35 6
45 34 2
88 63 3
45 39 3
109 108 1
109 107 1
106 41 1
82 7 3
82 5 2
82 2 5
82 1 3
76 70 2
76 73 3
76 72 3
138 8 1
138 7 1
73 5 2
88 69 2
88 68 3
71 70 2
64 13 1
130 45 1
118 31 1
140 35 1
66 18 3
139 58 1
140 32 1
140 33 1
126 98 1
64 19 2
40 1 2
40 2 4
40 5 1
40 7 4
40 12 2
40 10 5
40 15 2
40 18 4
41 19 5
41 18 9
41 11 4
41 10 25
95 41 2
41 12 15
41 15 8
41 14 6
95 45 1
61 48 1
61 49 1
66 24 6
66 23 3
138 58 1
61 46 1
61 47 1
105 11 1
72 18 2
72 16 1
72 11 1
75 16 2
54 41 5
54 42 1
54 44 1
54 45 1
79 40 1
49 9 1
49 8 1
49 1 10
49 3 4
49 2 19
49 5 1
49 7 20
49 6 1
34 20 7
86 33 4
34 22 1
34 23 20
34 24 3
34 25 1
34 26 1
86 35 3
34 28 2
34 29 1
133 117 1
87 39 2
87 30 1
87 33 3
87 32 1
87 35 4
34 1 28
34 3 6
34 2 43
34 5 7
34 4 1
34 7 41
34 6 6
34 9 10
34 8 2
127 55 1
81 69 2
71 1 2
71 2 2
140 137 1
71 6 2
71 7 2
140 138 1
140 139 1
114 38 1
62 49 4
96 24 1
62 41 4
62 45 1
62 44 1
69 40 1
69 41 4
69 42 1
138 128 1
69 45 1
105 49 1
93 4 1
93 5 1
93 7 3
93 1 1
93 2 3
93 65 2
32 10 6
101 35 1
137 23 1
25 13 1
25 12 3
25 10 3
138 10 1
56 14 1
56 10 3
57 18 2
56 12 3
57 14 5
57 15 1
57 12 5
56 18 1
57 10 7
57 11 1
124 34 1
131 15 1
131 13 1
118 66 1
28 8 1
129 11 1
129 10 3
28 2 4
134 39 1
28 1 2
33 32 3
28 7 4
33 30 2
33 31 2
128 10 2
117 26 1
117 25 1
117 24 1
128 14 1
117 22 1
34 27 1
67 8 1
112 2 2
13 12 5
13 10 10
13 11 3
112 8 1
67 7 1
109 22 2
44 41 1
44 42 1
64 63 2
64 62 9
21 20 4
45 29 1
45 24 8
45 26 2
102 62 5
45 20 1
102 64 5
45 22 1
102 66 2
118 85 1
99 63 1
118 87 1
140 22 1
76 62 2
76 63 2
21 9 4
21 8 1
76 64 2
76 65 2
21 3 1
21 2 12
21 1 7
21 7 12
21 6 1
21 5 4
95 8 1
118 89 1
81 5 1
130 58 1
58 32 1
81 2 1
130 55 1
82 15 3
142 1 1
82 10 7
58 37 1
82 12 4
140 23 1
77 76 2
140 21 1
82 18 3
137 8 1
83 16 1
108 8 1
83 19 1
142 5 1
137 7 1
126 87 1
95 55 1
95 57 1
63 19 5
63 18 2
116 89 1
63 15 2
40 26 1
40 24 1
95 58 2
63 10 9
63 13 4
63 12 4
64 32 1
66 30 1
66 32 1
66 33 1
66 34 1
66 35 3
66 39 1
47 7 26
47 6 3
47 5 1
47 4 1
47 3 5
47 2 25
47 1 19
47 9 2
92 49 1
144 12 1
95 53 1
92 46 1
92 47 1
75 23 1
63 14 2
130 7 1
63 11 2
130 8 2
126 12 1
15 5 1
87 29 1
87 22 2
87 23 2
15 8 5
87 24 2
141 82 1
15 9 2
126 14 1
48 1 3
48 2 6
127 63 1
127 66 1
48 7 5
119 95 1
62 59 2
62 53 1
62 56 1
62 57 2
62 54 1
62 55 1
104 55 3
105 51 1
110 24 1
35 8 13
35 9 3
98 39 3
98 35 1
35 1 9
35 2 26
93 73 1
98 33 3
35 7 24
59 41 5
59 45 3
59 44 1
76 7 14
76 6 2
76 5 4
76 4 2
76 2 14
76 1 12
57 23 1
57 22 1
57 20 1
57 26 1
57 24 5
124 21 1
69 5 1
139 12 1
69 2 2
69 1 2
69 9 1
69 8 1
65 28 1
129 62 1
129 63 1
32 31 3
32 30 3
129 65 1
117 56 2
3 1 4
3 2 9
49 39 8
49 38 1
49 35 2
49 34 12
109 35 1
102 54 1
102 56 1
102 57 2
102 53 1
103 53 1
17 16 1
102 59 2
103 54 1
90 37 1
21 19 3
21 18 1
21 16 4
91 34 2
21 12 1
35 6 1
21 10 1
66 1 2
29 28 1
66 5 1
66 7 6
66 8 8
29 23 1
29 26 1
29 27 1
29 24 1
29 25 1
45 23 2
111 14 1
115 7 1
115 2 1
115 1 1
78 55 1
57 41 2
80 8 3
78 53 2
80 7 1
79 53 5
80 2 1
37 21 1
37 20 1
37 23 3
37 22 2
37 25 1
37 24 3
37 27 1
37 26 1
37 29 1
37 28 1
130 66 1
130 63 1
138 21 1
138 22 1
138 23 1
133 82 1
67 66 1
20 2 16
20 3 2
20 1 13
20 6 2
20 7 13
20 4 2
20 5 2
82 69 1
20 8 1
20 9 6
138 33 1
95 20 1
41 35 8
41 33 3
95 24 2
95 26 1
40 32 1
40 35 2
41 39 2
139 138 1
89 7 1
89 1 1
28 18 2
92 76 1
136 1 1
92 73 1
139 137 1
28 10 1
136 9 1
28 13 1
28 16 1
137 108 1
64 41 4
75 34 2
139 32 1
139 33 1
86 19 1
87 15 2
87 14 5
87 13 1
87 12 6
87 11 1
87 10 11
86 10 6
67 24 1
86 12 1
86 14 1
86 15 1
87 19 1
87 18 3
112 102 1
108 45 1
136 41 1
14 9 1
14 8 12
120 77 1
14 2 9
14 1 3
14 7 3
14 5 2
59 11 2
64 45 1
66 49 1
114 11 1
129 104 2
104 47 1
46 28 1
104 42 1
46 24 2
110 33 1
46 26 1
46 21 2
46 20 2
46 23 6
46 22 1
98 28 1
98 24 5
132 56 1
98 23 1
63 42 2
105 1 3
63 41 2
59 58 2
59 54 2
59 55 2
59 56 3
59 57 2
59 53 1
57 34 2
57 35 4
70 48 1
57 33 2
70 47 3
57 39 1
56 33 2
56 32 1
56 31 1
56 30 1
144 118 1
56 36 1
56 35 2
64 49 1
32 8 2
141 10 1
112 111 2
77 7 6
77 4 1
77 5 1
77 2 7
77 3 1
77 1 5
113 23 1
118 41 2
118 45 4
138 108 1
113 24 2
32 26 3
32 27 1
32 24 3
32 25 4
32 22 3
32 23 2
32 21 2
137 130 1
32 28 1
32 29 1
60 24 1
60 26 1
49 20 3
49 21 1
42 41 2
49 23 7
49 24 1
68 8 1
68 9 1
109 41 1
68 1 1
102 42 1
102 41 4
64 47 3
102 45 1
64 44 1
102 49 1
64 48 1
90 22 1
90 23 1
29 11 1
29 10 2
144 5 1
45 41 9
29 19 1
142 133 1
53 12 5
53 13 5
53 10 22
53 11 2
53 14 2
53 15 5
53 18 7
53 19 3
39 14 3
33 14 3
139 7 1
33 10 15
33 11 1
33 12 4
33 13 1
52 10 1
33 18 2
33 19 3
76 48 1
76 49 2
79 69 1
78 45 1
71 23 2
107 106 1
78 40 1
71 20 2
79 66 2
76 47 2
37 32 1
37 33 2
37 30 1
37 31 1
37 36 1
138 32 1
37 34 1
37 35 1
130 35 1
60 33 1
139 8 1
139 108 1
67 11 1
67 10 1
67 13 1
88 12 2
88 10 4
61 8 3
61 7 2
61 2 2
114 9 1
88 19 2
82 78 1
82 79 1
111 18 2
41 20 1
63 39 4
41 23 1
41 24 8
95 37 1
41 26 5
63 33 3
63 32 1
95 39 1
63 37 1
63 35 3
63 34 2
135 18 1
110 85 1
23 9 4
23 8 5
92 65 1
81 54 1
23 1 18
23 3 5
23 2 27
23 5 4
23 7 24
23 6 3
75 49 1
75 42 1
75 47 2
75 46 2
88 7 7
88 1 7
88 2 7
88 8 2
88 9 3
82 32 1
144 66 1
82 33 1
111 64 1
111 66 2
111 63 1
111 62 1
106 14 1
144 87 1
120 65 1
120 64 1
108 19 1
108 10 1
143 26 1
107 12 1
15 2 5
15 1 6
15 7 1
46 38 1
46 39 5
46 34 9
46 35 4
46 33 1
98 19 3
98 18 2
98 12 2
98 11 1
98 10 4
134 65 1
98 14 2
26 15 3
26 12 5
26 13 4
26 10 12
26 11 2
26 18 3
26 19 6
59 23 1
59 24 4
59 26 2
73 65 1
74 9 1
57 46 2
57 49 1
74 7 2
74 1 2
74 2 2
131 26 1
131 24 1
56 24 4
56 25 1
56 26 2
56 22 1
56 23 1
139 30 1
118 56 1
118 55 1
118 54 1
139 35 1
36 31 3
36 30 3
36 33 2
36 32 3
36 35 2
36 34 1
118 58 2
123 24 2
121 16 2
78 24 1
32 13 1
32 12 5
32 11 1
53 24 20
32 19 1
129 47 1
84 41 1
129 42 1
121 11 1
128 63 1
128 66 1
60 35 1
101 19 1
101 18 1
101 16 1
101 11 1
109 58 1
93 76 1
109 54 1
91 16 2
64 59 2
64 54 1
64 56 1
64 57 2
91 18 2
91 19 2
32 7 3
64 53 1
99 53 1
90 18 1
74 19 2
74 18 1
53 26 1
74 16 1
53 23 1
53 22 3
53 20 1
142 33 1
66 19 2
113 111 2
113 112 2
